1234567
3424324
345345
435345
32
my_hotfix_code
my_hotfix_codemy_hotfix_codemy_hotfix_code
my_hotfix_code
my_hotfix_code
my_hotfix_codemy_hotfix_code
1234567
3424324
345345
435345
32
1234567
3424324
345345
435345
32
1234567
3424324
345345
435345
32
1234567
3424324
345345
435345
32
1234567
3424324
345345
435345
32
1234567
3424324
345345
435345
32
1234567
3424324
345345
435345
32
34567
3424324
345345
435345
32
34567
3424324
345345
435345
32
34567
3424324
345345
435345
32
34567
3424324
345345
435345
32
34567
3424324
345345
435345
32
